ADMIN_ACCOUNT_ID=0.0.13724374
ADMIN_PRIVATE_KEY="302e020100300506032b65700422042085888a87ae723bfa3ea8ebbef6e76adf8c5ddf0c123b203fe3773c4e5e971e41"

TOPIC_ID=0.0.10557707