TREASURY_ACCOUNT_ID=0.0.10569618
TREASURY_ACCOUNT_PRIVATE_KEY=302e020100300506032b6570042204204a890bb6a54e04171584d238c31f084ad5d5c0b28397d9585442c22b57457ccd

SPENDER_ACCOUNT_ID=0.0.10569619
SPENDER_ACCOUNT_PRIVATE_KEY=302e020100300506032b6570042204200ccfa0ab71cb57b5b33fb9a41860ea264047c336f0a57c49b1756804c985dd39

RECEIVER1_ACCOUNT_ID=0.0.10569620
RECEIVER2_ACCOUNT_ID=0.0.10569622